# name: debug
# type: sparse matrix
# nnz: 324
# rows: 19
# columns: 19

1 1 157945624.983444840
2 1 6267428.318320726
3 1 6724881.174383764
4 1 4346864.245659796
5 1 -158691099.471770763
6 1 1441669.649889126
7 1 -75396621.321046919
8 1 -2318668.157618262
9 1 -1472081.341853974
10 1 -2059489.332656552
11 1 76290037.769105315
12 1 -4348553.919748255
13 1 0.000000000
14 1 0.000000000
15 1 0.000000000
16 1 0.000000000
17 1 0.000000000
18 1 0.000000000
1 2 6267428.318320764
2 2 224765615.464678109
3 2 -2123687.545251937
4 2 211738018.048160136
5 2 -4037454.378192360
6 2 -117916.711041066
7 2 -2722101.366544630
8 2 -109081146.372707471
9 2 5765503.086311862
10 2 -105185313.217879936
11 2 2510500.101658962
12 2 6802495.608974318
13 2 0.000000000
14 2 0.000000000
15 2 0.000000000
16 2 0.000000000
17 2 0.000000000
18 2 0.000000000
1 3 6724881.174383763
2 3 -2123687.545251938
3 3 32587094.180577092
4 3 -332447.568951497
5 3 -754898.762050101
6 3 -309409.867467424
7 3 -2013764.787289342
8 3 -3563992.879867220
9 3 -15807967.542901821
10 3 -3798273.699713097
11 3 -1378381.886941640
12 3 775206.758772837
13 3 0.000000000
14 3 0.000000000
15 3 0.000000000
16 3 0.000000000
17 3 0.000000000
18 3 0.000000000
1 4 4346864.245659803
2 4 211738018.048159957
3 4 -332447.568951502
4 4 209084389.754416347
5 4 -2679038.104851577
6 4 -12637954.200225590
7 4 -1617945.771083931
8 4 -105568990.766925901
9 4 4813335.567413868
10 4 -107158613.699390918
11 4 1972321.084678137
12 4 13110344.305849494
13 4 0.000000000
14 4 0.000000000
15 4 0.000000000
16 4 0.000000000
17 4 0.000000000
18 4 0.000000000
1 5 -158691099.471770853
2 5 -4037454.378192364
3 5 -754898.762050084
4 5 -2679038.104851585
5 5 167698348.761310369
6 5 877334.817483357
7 5 76654473.686100602
8 5 1279818.711201367
9 5 -1918991.049433619
10 5 1477537.357244260
11 5 -81883225.415368944
12 5 4803739.468822897
13 5 0.000000000
14 5 0.000000000
15 5 0.000000000
16 5 0.000000000
17 5 0.000000000
18 5 0.000000000
1 6 1441669.649889141
2 6 -117916.711041073
3 6 -309409.867467425
4 6 -12637954.200225590
5 6 877334.817483371
6 6 47677019.633660413
7 6 -16338.906156299
8 6 6660364.230389968
9 6 -898227.076630271
10 6 12709168.643353583
11 6 -3034070.386303388
12 6 -25274962.372555148
13 6 0.000000000
14 6 0.000000000
15 6 0.000000000
16 6 0.000000000
17 6 0.000000000
18 6 0.000000000
1 7 -75396621.321046919
2 7 -2722101.366544630
3 7 -2013764.787289342
4 7 -1617945.771083931
5 7 76654473.686100602
6 7 -16338.906156299
7 7 82785115.106840730
8 7 7066473.626452976
9 7 3397425.261800306
10 7 5621849.541227031
11 7 -80902743.434684053
12 7 7672048.948068633
13 7 0.000000000
14 7 0.000000000
15 7 0.000000000
16 7 0.000000000
17 7 0.000000000
18 7 0.000000000
1 8 -2318668.157618262
2 8 -109081146.372707471
3 8 -3563992.879867220
4 8 -105568990.766925901
5 8 1279818.711201367
6 8 6660364.230389968
7 8 7066473.626452967
8 8 181835311.313113838
9 8 -11769724.686313825
10 8 175593178.651716113
11 8 -6851023.487747757
12 8 -10616514.946340134
13 8 0.000000000
14 8 0.000000000
15 8 0.000000000
16 8 0.000000000
17 8 0.000000000
18 8 0.000000000
1 9 -1472081.341853974
2 9 5765503.086311862
3 9 -15807967.542901821
4 9 4813335.567413868
5 9 -1918991.049433619
6 9 -898227.076630271
7 9 3397425.261800309
8 9 -11769724.686313832
9 9 20608824.914174560
10 9 -11330109.699740157
11 9 -359554.711297847
12 9 1229173.946520739
13 9 0.000000000
14 9 0.000000000
15 9 0.000000000
16 9 0.000000000
17 9 0.000000000
18 9 0.000000000
1 10 -2059489.332656552
2 10 -105185313.217879936
3 10 -3798273.699713097
4 10 -107158613.699390918
5 10 1477537.357244260
6 10 12709168.643353583
7 10 5621849.541227054
8 10 175593178.651716143
9 10 -11330109.699740160
10 10 177341853.395324081
11 10 -6779128.435201962
12 10 -20210270.675040025
13 10 0.000000000
14 10 0.000000000
15 10 0.000000000
16 10 0.000000000
17 10 0.000000000
18 10 0.000000000
1 11 76290037.769105315
2 11 2510500.101658962
3 11 -1378381.886941640
4 11 1972321.084678137
5 11 -81883225.415368944
6 11 -3034070.386303388
7 11 -80902743.434684068
8 11 -6851023.487747783
9 11 -359554.711297847
10 11 -6779128.435201972
11 11 83778809.073986426
12 11 -4101598.695328252
13 11 0.000000000
14 11 0.000000000
15 11 0.000000000
16 11 0.000000000
17 11 0.000000000
18 11 0.000000000
1 12 -4348553.919748255
2 12 6802495.608974318
3 12 775206.758772837
4 12 13110344.305849494
5 12 4803739.468822897
6 12 -25274962.372555148
7 12 7672048.948068620
8 12 -10616514.946340147
9 12 1229173.946520741
10 12 -20210270.675040029
11 12 -4101598.695328233
12 12 36889359.100085609
13 12 0.000000000
14 12 0.000000000
15 12 0.000000000
16 12 0.000000000
17 12 0.000000000
18 12 0.000000000
1 13 0.000000000
2 13 0.000000000
3 13 0.000000000
4 13 0.000000000
5 13 0.000000000
6 13 0.000000000
7 13 0.000000000
8 13 0.000000000
9 13 0.000000000
10 13 0.000000000
11 13 0.000000000
12 13 0.000000000
13 13 3963.405150449
14 13 0.000000000
15 13 0.000000000
16 13 0.000000000
17 13 0.000000000
18 13 0.000000000
1 14 0.000000000
2 14 0.000000000
3 14 0.000000000
4 14 0.000000000
5 14 0.000000000
6 14 0.000000000
7 14 0.000000000
8 14 0.000000000
9 14 0.000000000
10 14 0.000000000
11 14 0.000000000
12 14 0.000000000
13 14 0.000000000
14 14 3963.405150449
15 14 0.000000000
16 14 0.000000000
17 14 0.000000000
18 14 0.000000000
1 15 0.000000000
2 15 0.000000000
3 15 0.000000000
4 15 0.000000000
5 15 0.000000000
6 15 0.000000000
7 15 0.000000000
8 15 0.000000000
9 15 0.000000000
10 15 0.000000000
11 15 0.000000000
12 15 0.000000000
13 15 0.000000000
14 15 0.000000000
15 15 3963.405150449
16 15 0.000000000
17 15 0.000000000
18 15 0.000000000
1 16 0.000000000
2 16 0.000000000
3 16 0.000000000
4 16 0.000000000
5 16 0.000000000
6 16 0.000000000
7 16 0.000000000
8 16 0.000000000
9 16 0.000000000
10 16 0.000000000
11 16 0.000000000
12 16 0.000000000
13 16 0.000000000
14 16 0.000000000
15 16 0.000000000
16 16 3963.405150449
17 16 0.000000000
18 16 0.000000000
1 17 0.000000000
2 17 0.000000000
3 17 0.000000000
4 17 0.000000000
5 17 0.000000000
6 17 0.000000000
7 17 0.000000000
8 17 0.000000000
9 17 0.000000000
10 17 0.000000000
11 17 0.000000000
12 17 0.000000000
13 17 0.000000000
14 17 0.000000000
15 17 0.000000000
16 17 0.000000000
17 17 3963.405150449
18 17 0.000000000
1 18 0.000000000
2 18 0.000000000
3 18 0.000000000
4 18 0.000000000
5 18 0.000000000
6 18 0.000000000
7 18 0.000000000
8 18 0.000000000
9 18 0.000000000
10 18 0.000000000
11 18 0.000000000
12 18 0.000000000
13 18 0.000000000
14 18 0.000000000
15 18 0.000000000
16 18 0.000000000
17 18 0.000000000
18 18 3963.405150449
